0.0
4004.004004004004
5005.005005005005
8008.008008008008
11845.17851184518
12846.179512846182
15849.182515849185
16850.183516850186
19853.18651985319
23857.190523857193
24357.6910243577
24858.191524858194
27861.194527861197
28361.695028361704
29362.696029362705
31865.1985318652
35869.202535869204
36870.203536870205
39873.20653987321
43877.21054387721
44878.21154487821
47881.214547881216
48381.715048381724
48882.21554888222
51885.21855188522
75842.50917584251
76776.77677677678
79512.84617951285
80447.11378044712
83249.91658324993
83650.31698365032
84084.08408408408
86786.7867867868
87253.92058725393
87721.05438772106
90390.39039039041
91257.92459125794
93993.993993994
94427.76109442778
97597.5975975976
98031.36469803136
98465.13179846515
101301.30130130131
102202.20220220223
114948.2816149483
118284.95161828498
119119.11911911913
121621.62162162163
122022.02202202205
122455.78912245581
125358.6920253587
128294.96162829499
128695.36202869538
129529.52952952954
132032.03203203206
132432.43243243246
135368.7020353687
135769.1024357691
138705.3720387054
139105.7724391058
139539.53953953955
142442.44244244247
154654.65465465467
155422.0887554221
157757.7577577578
158091.42475809145
158491.82515849185
160894.22756089424
163997.33066399736
164397.73106439775
164764.76476476478
165165.16516516518
167467.4674674675
168234.90156823493
170170.1701701702
170603.93727060396
170970.970970971
171371.37137137138
173306.63997330665
176409.74307640977
179879.8798798799
180246.91358024694
183750.41708375045
196463.12979646315
196830.16349683018
197197.19719719724
199366.03269936607
199733.0663997331
200467.13380046716
202235.5689022356
202602.60260260262
202969.63630296965
203336.6700033367
205105.10510510515
205472.13880547218
205839.1725058392
206206.20620620623
208074.74140807477
208808.80880880883
209175.84250917588
211711.71171171175
212078.74541207877
213947.2806139473
214681.34801468137
214848.1815148482
216850.18351685023
217217.21721721726
217951.2846179513
219786.45311978646
220286.953620287
220453.78712045384
220820.82082082087
222756.0894227561
223523.52352352353
235635.63563563564
235969.30263596936
236302.96963630302
236636.6366366367
238338.33833833836
238471.80513847183
239039.03903903905
239172.50583917252
241041.04104104108
241374.70804137475
241708.3750417084
242042.04204204207
243743.7437437438
243877.21054387727
244444.4444444445
244577.91124457796
246446.44644644647
247480.81414748082
249149.1491491492
249849.84984984988
250316.983650317
251885.21855188528
252218.88555221894
254654.65465465467
254988.32165498834
255455.45545545546
255655.65565565572
257390.72405739076
257724.39105772442
260126.79346012685
260460.4604604605
260794.12746079417
260960.960960961
261127.79446112784
282115.4487821155
282582.5825825826
283049.71638304973
283516.8501835169
286319.6529863197
287220.55388722057
289689.6896896897
289923.2565899233
290156.82349015685
290390.3903903904
290623.957290624
290857.52419085754
291091.0910910911
291324.6579913247
293660.32699366036
294127.4607941275
294594.5945945946
294828.1614948282
295061.72839506174
297197.19719719724
297664.33099766436
298131.4647981315
300867.5342008676
301034.3677010344
301801.80180180183
301968.63530196866
304738.0714047381
305872.53920587257
308408.40840840846
308541.8752085419
309209.20920920925
309342.6760093427
309776.4431097765
309909.90990990994
312078.7454120788
313079.7464130798
315815.8158158159
315949.28261594934
317283.950617284
317450.7841174508
319686.3530196864
319919.91991992
320153.48682015354
320387.0537203871
320620.62062062067
320854.18752085423
321087.7544210878
321321.32132132136
323390.0567233901
323523.5235235236
324324.3243243244
324457.79112445784
327127.1271271272
327594.2609275943
328061.39472806145
328528.5285285286
330930.930930931
331398.06473139813
331865.19853186526
332098.7654320988
332332.3323323324
332565.89923256595
334701.3680347014
334934.934934935
335168.5018351686
335402.06873540214
335635.6356356357
335869.20253586926
336336.3363363364
338405.0717384051
338638.63863863866
338872.2055388723
339105.77243910584
339339.3393393394
339572.90623957297
339806.47313980653
340040.0400400401
342275.60894227563
343276.6099432767
347047.0470470471
347614.28094761434
351051.0510510511
352185.5188521856
355955.955955956
361995.32866199536
367200.5338672006
387187.18718718726
387320.6539873207
394060.72739406076
